      222222222222        222222222222
      222222222222        222222222222
      22221111111122222222111111112222
      22221111111122222222111111112222
      22221111111122222222111111112222
      22221111111122222222111111112222
          222222221111111122222222
          222222221111111122222222
          222211111111111111112222
          222211111111111111112222
          222211111111111111112222
          222211111111111111112222
          222211112222222211112222
          222211112222222211112222
          222222222222222222222222
          222222222222222222222222
